10/28/2008,100.3,100.3,91.4,6.0
10/29/2008,102.5,104.2,92.6,22.0
10/30/2008,104.4,107.7,89.5,5.0
10/31/2008,101.2,104.2,94.6,14.0
11/01/2008,102.9,103.1,92.5,26.0
11/02/2008,97.5,102.9,93.4,4.0
11/03/2008,103.3,104.8,90.9,12.0
11/04/2008,107.0,105.1,89.8,5.0
11/05/2008,104.4,104.3,92.6,25.0
11/06/2008,105.6,104.8,91.0,4.0
11/07/2008,104.9,105.4,92.8,24.0
11/08/2008,106.2,105.9,92.4,10.0
11/09/2008,103.3,102.7,92.9,16.0
11/10/2008,104.3,103.1,92.1,9.0
11/11/2008,105.8,104.8,92.9,16.0
11/12/2008,104.8,104.3,92.3,20.0
11/13/2008,106.0,105.2,93.6,6.0
11/14/2008,104.8,104.3,92.2,22.0
11/15/2008,104.3,104.6,92.5,14.0
11/16/2008,105.9,106.0,92.2,12.0
11/17/2008,102.4,105.0,91.3,6.0
11/18/2008,105.5,104.8,93.3,19.0
11/19/2008,104.8,105.6,91.8,19.0
11/20/2008,107.2,101.4,92.7,4.0
11/21/2008,104.0,104.5,93.1,24.0
11/22/2008,104.7,105.4,92.2,16.0
11/23/2008,105.5,104.5,93.9,10.0
11/24/2008,104.3,105.1,91.5,13.0
11/25/2008,106.1,105.4,94.7,9.0
11/26/2008,105.1,105.4,92.6,25.0
11/27/2008,105.0,104.8,94.1,3.0
11/28/2008,106.2,105.5,92.2,21.0
11/29/2008,105.1,105.8,93.0,21.0
11/30/2008,107.1,104.6,92.2,9.0
12/01/2008,105.8,105.1,92.8,6.0
12/02/2008,106.2,106.1,93.0,15.0
12/03/2008,105.9,105.4,92.6,21.0
12/04/2008,107.0,105.1,92.4,4.0
12/05/2008,106.0,105.8,92.6,21.0
12/06/2008,105.3,106.8,92.7,18.0
12/07/2008,107.2,105.5,93.2,8.0
12/08/2008,103.6,106.6,92.7,8.0
12/09/2008,107.5,106.5,92.3,18.0
12/10/2008,105.8,106.7,93.4,16.0
12/11/2008,108.0,105.9,90.7,6.0
12/12/2008,106.8,106.1,92.5,20.0
12/13/2008,105.7,106.4,93.3,19.0
12/14/2008,105.6,107.2,92.5,7.0
12/15/2008,106.1,107.1,93.5,17.0
12/16/2008,105.6,106.7,93.2,11.0
12/17/2008,106.1,106.1,92.7,16.0
12/18/2008,109.8,106.4,90.9,4.0
12/19/2008,105.9,106.1,93.1,23.0
12/20/2008,105.8,106.5,93.4,18.0
12/21/2008,107.1,105.9,92.3,8.0
12/22/2008,106.9,106.7,92.9,11.0
12/23/2008,106.7,105.8,92.4,22.0
12/25/2008,109.6,104.6,91.7,9.0
12/26/2008,105.1,106.8,93.2,18.0
12/27/2008,105.8,106.8,91.4,15.0
12/28/2008,107.0,105.8,94.4,11.0
12/29/2008,105.9,107.6,92.6,15.0
12/30/2008,106.6,106.6,92.1,17.0
12/31/2008,105.1,106.3,93.2,11.0
01/02/2009,106.4,106.4,92.4,28.0
01/03/2009,105.5,106.8,92.3,12.0
01/04/2009,107.5,105.5,91.8,12.0
01/05/2009,106.5,107.5,93.6,9.0
01/06/2009,105.1,106.5,92.8,15.0
01/07/2009,107.2,106.4,92.1,22.0
01/08/2009,105.4,106.2,93.5,4.0
01/09/2009,106.5,106.2,92.1,22.0
01/10/2009,105.6,107.8,92.3,12.0
01/11/2009,107.3,106.8,93.0,14.0
01/12/2009,106.5,107.6,93.0,10.0
01/13/2009,107.6,106.2,91.7,14.0
01/14/2009,106.7,107.5,92.7,20.0
01/15/2009,110.5,106.6,91.9,5.0
01/16/2009,107.3,107.5,92.9,19.0
01/17/2009,107.1,105.7,91.8,16.0
01/18/2009,106.5,108.5,92.6,4.0
01/19/2009,107.1,106.9,92.3,23.0
01/20/2009,107.2,108.0,93.5,8.0
01/21/2009,107.1,107.3,92.2,20.0
01/22/2009,109.8,104.5,92.2,4.0
01/23/2009,106.5,107.4,92.6,18.0
01/24/2009,107.4,107.4,91.8,11.0
01/25/2009,107.5,107.4,92.8,18.0
01/26/2009,106.5,108.1,91.9,12.0
01/27/2009,108.0,106.3,92.7,10.0
01/28/2009,106.5,108.0,92.6,22.0
01/29/2009,110.4,104.3,91.5,4.0
01/30/2009,106.9,107.4,92.6,20.0
01/31/2009,107.4,108.0,92.8,18.0
02/01/2009,107.5,106.5,91.9,8.0
02/02/2009,107.6,108.3,92.7,15.0
02/03/2009,107.9,106.0,92.4,11.0
02/04/2009,107.8,107.8,92.6,20.0
02/05/2009,109.5,105.8,93.6,6.0
02/06/2009,107.2,108.4,93.1,17.0
02/07/2009,106.5,107.6,91.7,13.0
02/08/2009,108.4,107.6,92.6,18.0
02/09/2009,105.7,107.3,91.7,7.0
02/10/2009,107.7,108.5,93.2,17.0
02/11/2009,107.8,107.4,92.0,23.0
02/12/2009,109.0,107.2,92.6,6.0
02/17/2009,107.2,107.5,92.6,18.0
02/18/2009,107.9,107.9,92.8,20.0
02/19/2009,108.8,104.8,90.7,4.0
02/20/2009,107.9,107.9,92.8,20.0
02/21/2009,106.9,108.9,93.0,9.0
02/22/2009,108.3,106.9,92.6,18.0
02/23/2009,107.6,108.4,94.4,10.0
02/24/2009,108.0,106.8,91.8,16.0
02/25/2009,107.3,107.8,92.4,20.0
02/26/2009,111.7,105.2,92.7,4.0
02/27/2009,107.8,107.9,92.7,25.0
02/28/2009,106.2,108.3,92.6,14.0
03/01/2009,109.6,107.0,92.4,16.0
03/02/2009,106.8,107.4,91.5,9.0
03/03/2009,107.5,108.1,93.4,15.0
03/04/2009,108.0,108.0,92.8,19.0
03/05/2009,110.5,107.6,91.3,3.0
03/06/2009,108.6,106.9,92.2,19.0
03/07/2009,107.0,108.7,92.3,17.0
03/08/2009,107.9,107.3,93.0,13.0
03/09/2009,108.8,107.5,91.6,11.0
03/10/2009,107.5,108.2,93.5,12.0
03/11/2009,108.0,107.8,92.5,20.0
03/12/2009,111.7,105.5,92.5,4.0
03/13/2009,107.8,108.1,92.5,20.0
03/14/2009,107.2,107.9,92.8,11.0
03/15/2009,108.2,108.1,92.7,21.0
03/16/2009,107.0,107.3,91.1,8.0
03/17/2009,108.3,107.6,92.4,16.0
03/18/2009,107.3,108.2,92.5,20.0
03/19/2009,111.2,107.4,92.3,6.0
03/20/2009,107.0,108.5,92.7,20.0
03/21/2009,108.8,107.4,92.7,14.0
03/22/2009,106.9,108.3,92.3,12.0
03/23/2009,108.1,108.4,92.4,14.0
03/24/2009,108.3,107.2,93.1,8.0
03/25/2009,108.1,107.7,92.8,20.0
03/26/2009,110.4,108.2,92.0,6.0
03/27/2009,107.5,107.4,92.4,18.0
03/28/2009,107.6,108.8,93.0,16.0
03/29/2009,108.3,108.2,92.4,16.0
03/30/2009,107.7,108.2,94.2,7.0
03/31/2009,108.4,107.7,92.2,17.0
04/01/2009,107.5,108.3,92.7,16.0
04/02/2009,108.7,107.2,92.1,6.0
04/03/2009,108.6,107.5,92.6,19.0
04/04/2009,107.1,108.5,92.2,13.0
04/05/2009,108.4,108.5,93.0,20.0
04/07/2009,107.5,108.3,92.0,17.0
04/08/2009,108.7,108.2,92.6,20.0
04/09/2009,108.9,107.6,93.4,6.0
04/10/2009,108.3,108.1,92.4,24.0
04/11/2009,108.0,108.8,93.2,13.0
04/12/2009,108.6,107.6,92.1,11.0
04/13/2009,108.0,108.5,92.5,22.0
04/14/2009,109.7,106.1,91.9,6.0
04/15/2009,108.0,108.3,92.4,26.0
