Away,Pace,eFG%,TOV%,ORB%,FT/FGA,ORtg,Home,Pace,eFG%,TOV%,ORB%,FT/FGA,ORtg
--------------------------------------------------------------------------
BOS,94.4,.558,12.8,18.9,.286,114.4,NYK,94.4,.464,7.7,30.4,.144,110.1
MIA,99.3,.517,10.8,22.0,.213,111.7,BOS,99.3,.558,12.7,32.0,.137,119.8
BOS,101.8,.593,13.9,34.1,.049,123.8,WAS,101.8,.511,13.2,23.4,.207,105.1
IND,104.5,.480,7.8,14.8,.069,99.5,BOS,104.5,.674,9.3,32.4,.284,148.3
BOS,99.7,.561,9.7,23.8,.256,124.4,BRK,99.7,.515,4.4,20.0,.110,114.3
BOS,99.5,.451,13.0,22.0,.283,99.2,MIN,99.5,.594,19.3,15.0,.153,103.7
BOS,99.4,.478,10.8,17.0,.176,103.6,PHI,99.4,.489,10.6,26.1,.137,106.6
BRK,93.1,.535,9.7,20.5,.188,114.9,BOS,93.1,.537,6.2,31.5,.213,129.9
TOR,97.0,.440,7.5,14.6,.154,97.0,BOS,97.0,.634,11.6,14.3,.093,120.7
NYK,84.2,.513,8.2,29.3,.215,116.3,BOS,84.2,.627,11.3,24.2,.190,135.3
BOS,91.1,.580,8.5,27.9,.170,128.4,PHI,91.1,.524,8.7,23.3,.212,117.4
BOS,97.8,.543,9.4,18.2,.087,110.4,TOR,97.8,.552,12.2,12.2,.103,107.4
BOS,91.8,.532,16.2,24.3,.260,111.1,MEM,91.8,.479,8.3,28.0,.095,108.9
BOS,96.3,.515,10.6,21.6,.186,110.9,CHO,96.3,.505,10.4,31.5,.154,113.7
MIL,101.6,.510,7.7,25.0,.129,114.2,BOS,101.6,.625,14.1,10.5,.167,117.2
BOS,98.5,.454,13.2,10.3,.355,97.4,ORL,98.5,.571,16.0,32.5,.188,114.7
ATL,96.6,.517,13.5,21.6,.136,106.6,BOS,96.6,.511,10.4,36.0,.168,117.0
CHI,96.6,.483,7.6,18.0,.111,100.4,BOS,96.6,.639,14.4,28.2,.100,128.4
PHI,101.8,.543,13.3,29.4,.181,116.9,BOS,101.8,.610,17.7,27.0,.403,122.8
BOS,102.2,.536,14.3,27.7,.082,109.6,IND,102.2,.559,5.5,14.0,.181,119.3
NYK,97.1,.585,11.5,31.6,.227,126.7,BOS,97.1,.632,6.5,20.0,.198,137.0
CLE,96.3,.582,11.1,15.4,.065,117.3,BOS,96.3,.560,12.0,29.3,.310,124.6
CLE,93.9,.548,15.0,22.5,.193,113.9,BOS,93.9,.582,12.2,30.2,.200,123.5
ORL,99.2,.563,18.1,34.2,.149,111.9,BOS,99.2,.620,9.0,22.0,.152,129.0
ORL,97.8,.444,7.4,18.2,.202,99.2,BOS,97.8,.563,12.4,23.3,.074,116.5
BOS,95.5,.487,6.2,30.5,.132,119.5,GSW,95.5,.550,8.0,32.7,.110,125.2
BOS,94.6,.674,8.1,35.9,.217,152.2,SAC,94.6,.588,6.5,25.0,.132,125.8
BOS,95.4,.654,7.8,37.5,.234,151.9,LAC,95.4,.522,9.5,20.0,.169,113.2
BOS,96.7,.577,7.2,26.8,.231,130.3,LAL,96.7,.550,10.8,28.3,.178,118.9
DET,97.0,.545,14.1,37.3,.119,113.9,BOS,97.0,.540,9.8,22.4,.212,119.5
TOR,96.9,.553,3.7,18.8,.137,121.7,BOS,96.9,.585,14.2,31.0,.193,123.8
BOS,100.3,.616,8.7,30.2,.179,133.6,SAS,100.3,.489,10.8,17.0,.096,100.7
BOS,96.8,.538,11.8,37.8,.261,127.0,OKC,96.8,.626,9.2,25.0,.143,131.1
UTA,107.9,.394,14.2,25.4,.245,89.9,BOS,107.9,.528,10.2,18.0,.344,116.7
BOS,99.3,.600,14.7,31.7,.111,118.8,IND,99.3,.457,8.1,18.9,.185,101.7
BOS,102.3,.617,12.7,30.2,.222,128.1,IND,102.3,.632,11.4,23.7,.198,130.0
MIN,92.7,.537,8.0,17.0,.189,117.2,BOS,92.7,.539,7.2,15.2,.333,124.0
BOS,97.4,.423,5.4,12.5,.275,104.7,MIL,97.4,.663,8.3,32.4,.141,138.5
HOU,105.7,.439,9.7,27.3,.263,106.9,BOS,105.7,.663,9.4,22.2,.200,137.2
BOS,99.7,0.500,11.4,10.4,0.280,105.4,TOR,99.7,0.421,6.3,15.8,0.168,96.3
SAS,96.2,.457,9.1,20.8,.140,101.9,BOS,96.2,.567,10.9,28.6,.167,121.7
DEN,83.4,.568,9.4,27.8,.123,122.3,BOS,83.4,.506,2.1,24.5,.112,119.9
BOS,104.5,.526,13.1,29.6,.133,111.0,HOU,104.5,.489,12.6,22.0,.160,102.3
BOS,100.5,.551,5.6,11.6,.250,118.4,DAL,100.5,.515,8.8,20.4,.103,109.5
BOS,91.6,.775,11.0,23.1,.238,156.1,MIA,91.6,.532,3.9,21.2,.106,120.0
LAC,97.4,.490,6.0,30.6,.147,118.1,BOS,97.4,.410,9.3,29.5,.140,98.6
NOP,97.4,.560,11.0,20.9,.110,115.0,BOS,97.4,.606,10.5,16.2,.176,121.1
IND,98.1,.519,5.8,36.5,.111,126.4,BOS,98.1,.638,9.4,18.4,.207,131.5
LAL,96.7,.505,6.2,27.3,.202,117.9,BOS,96.7,.505,13.0,27.5,.072,108.6
MEM,97.9,.440,17.1,28.6,.109,92.9,BOS,97.9,.581,8.6,36.2,.162,133.8
ATL,103.9,.485,7.5,25.0,.176,112.6,BOS,103.9,.618,12.5,14.3,.108,120.3
WAS,107.9,.579,10.3,11.1,.200,119.6,BOS,107.9,.582,11.1,20.9,.283,123.3
BOS,91.4,.605,9.2,16.2,.148,120.4,MIA,91.4,.474,6.3,28.0,.144,116.0
BOS,95.4,.608,12.3,18.9,.205,123.7,BRK,95.4,.589,11.7,17.9,.215,115.3
BRK,91.5,.444,11.2,12.8,.173,94.0,BOS,91.5,.692,7.7,28.6,.110,148.6
BOS,98.2,.681,12.4,13.5,.193,131.3,CHI,98.2,.521,11.4,29.5,.149,114.0
BOS,82.2,.660,7.5,31.4,.111,141.1,NYK,82.2,.530,12.7,37.5,.183,124.1
BOS,95.1,0.561,13.4,31.0,0.459,123.1,PHI,95.1,0.468,8.3,14.5,0.117,104.2
